2101
2101
2102
2102
2103
2104
2104
2105
2107
2108
2108
2109
2110
2110
2112
2114
2116
2118
2118
2120
2120
2131
2131
2133
2133
2134
2135
2135
2136
2137
2137
2138
2139
2139
2141
2141
2143
2143
2301
2301
2302
2303
2303
2304
2305
2305
2306
2307
2307
2308
2309
2309
2310
2311
2311
2312
2313
2313
2315
2315
2316
2320
2320
2322
2322
2324
2324
2326
2326
2328
2328
2330
2332
2334
2402
2403
2404
2405
2405
2406
2407
2407
2408
2409
2409
2411
2411
2412
2413
2413
2415
2415
2416
2416
2418
2418
2422
2422
2424
2424
2426
2426
2428
2433
2433
2435
2435
2437
2437
2438
2438
2439
2439
3101
3101
3102
3102
3103
3103
3104
3104
3105
3105
3107
3108
3108
3110
3110
3112
3114
3116
3118
3118
3120
3120
3131
3131
3133
3133
3134
3135
3135
3136
3137
3137
3138
3140
3141
3142
3143
3145
3301
3302
3303
3303
3304
3305
3305
3306
3307
3307
3308
3309
3309
3310
3311
3311
3312
3313
3313
3315
3315
3317
3317
3320
3320
3322
3322
3324
3324
3326
3326
3328
3330
3332
3334
3334
3338
3338
3402
3402
3403
3404
3405
3405
3406
3407
3407
3408
3409
3409
3411
3411
3412
3413
3413
3415
3415
3416
3416
3417
3417
3418
3418
3421
3421
3422
3424
3426
3428
3428
3430
3436
3437
3437
3439
3439
4101
4101
4102
4102
4103
4103
4104
4104
4105
4105
4107
4108
4108
4110
4110
4112
4114
4116
4118
4118
4120
4120
4131
4131
4133
4133
4134
4135
4135
4136
4137
4137
4138
4139
4139
4140
4142
4301
4302
4303
4303
4304
4305
4305
4306
4307
4308
4309
4310
4311
4312
4313
4313
4315
4315
4317
4317
4319
4319
4320
4320
4322
4322
4324
4324
4326
4326
4328
4328
4330
4330
4332
4332
4334
4334
4402
4403
4404
4405
4405
4406
4407
4407
4408
4409
4409
4411
4411
4412
4413
4413
4415
4415
4416
4416
4418
4418
4422
4424
4426
4428
4428
4430
4433
4433
4435
4435
4436
4437
4437
4439
4439
5101
5101
5102
5103
5103
5104
5104
5105
5105
5107
5108
5110
5112
5114
5114
5116
5116
5118
5118
5120
5120
5131
5131
5133
5133
5134
5135
5135
5136
5137
5137
5138
5139
5139
5140
5142
5301
5302
5303
5303
5304
5305
5305
5306
5307
5308
5309
5310
5311
5312
5313
5313
5315
5315
5317
5317
5319
5319
5320
5320
5322
5322
5324
5324
5326
5326
5328
5328
5330
5330
5332
5332
5334
5334
5402
5403
5404
5405
5405
5406
5407
5407
5408
5409
5409
5411
5411
5412
5413
5413
5415
5415
5416
5416
5418
5418
5422
5424
5426
5428
5428
5430
5433
5433
5435
5435
5437
5437
5438
5439
5439